18 0.208333 0.561033 0.019231 0.056338
0 0.231410 0.564554 0.019231 0.058685
12 0.258974 0.565728 0.028205 0.061033
9 0.280769 0.566901 0.012821 0.058685
8 0.293590 0.563380 0.007692 0.061033
13 0.311538 0.568075 0.023077 0.061033
19 0.394872 0.570423 0.020513 0.056338
17 0.417949 0.571596 0.017949 0.058685
4 0.442308 0.571596 0.017949 0.053991
18 0.464744 0.575117 0.019231 0.056338
19 0.485256 0.571596 0.019231 0.053991
0 0.505769 0.572770 0.021795 0.051643
13 0.531410 0.576291 0.019231 0.053991
