12 0.162048 0.431594 0.016166 0.039492
0 0.176674 0.432299 0.013087 0.038082
17 0.191301 0.433004 0.013087 0.039492
14 0.203618 0.433004 0.013087 0.039492
13 0.217860 0.434415 0.012317 0.042313
8 0.227868 0.433709 0.007698 0.040903
13 0.237875 0.435120 0.012317 0.040903
18 0.326020 0.441467 0.014627 0.039492
0 0.339492 0.441467 0.012317 0.039492
12 0.357198 0.440762 0.018476 0.038082
9 0.371824 0.442172 0.009238 0.040903
8 0.379908 0.443583 0.006928 0.040903
13 0.390685 0.444288 0.014627 0.042313
