17 0.132410 0.435825 0.015396 0.045134
0 0.150500 0.436530 0.014627 0.040903
2 0.164742 0.435120 0.016936 0.046544
4 0.181678 0.433709 0.015396 0.049365
19 0.197075 0.431594 0.013857 0.045134
0 0.209392 0.434415 0.013857 0.042313
12 0.226328 0.433709 0.018476 0.046544
18 0.313318 0.427362 0.015396 0.047955
0 0.330639 0.428068 0.016166 0.040903
12 0.349500 0.427362 0.021555 0.042313
9 0.365281 0.427362 0.011547 0.047955
8 0.374904 0.428068 0.007698 0.049365
13 0.387991 0.428068 0.016936 0.049365
