3 0.161663 0.418195 0.021555 0.040903
20 0.181293 0.424542 0.016166 0.028209
17 0.195535 0.423131 0.010778 0.031030
8 0.205158 0.420310 0.008468 0.042313
2 0.216705 0.425247 0.013087 0.032440
4 0.232487 0.425952 0.016936 0.033850
5 0.245189 0.416784 0.013087 0.043724
30 0.182063 0.465444 0.016166 0.045134
35 0.202463 0.464034 0.020015 0.045134
35 0.223634 0.464739 0.020785 0.046544
3 0.313703 0.415374 0.020785 0.040903
20 0.333333 0.421721 0.016936 0.028209
17 0.347190 0.421016 0.010778 0.029619
8 0.357583 0.415374 0.006928 0.038082
2 0.368360 0.421016 0.014627 0.029619
4 0.383372 0.423131 0.015396 0.033850
5 0.397229 0.414669 0.012317 0.042313
30 0.334103 0.460508 0.020015 0.049365
35 0.354119 0.460508 0.020015 0.043724
35 0.376059 0.461918 0.016166 0.046544
